## test file:
a <- c(2,3,4,6)
a
b = c(5,6,7)
b
c= c(2,7,6)